datetime,%user,%nice,%system,%iowait,%steal,%idle
2020-11-19 23:33:12,7.61,0.0,0.0,3.55,0.0,88.83
2020-11-19 23:33:13,4.0,0.0,0.0,0.0,0.0,96.0
2020-11-19 23:33:14,0.0,0.0,0.5,0.0,0.0,99.5
2020-11-19 23:33:15,1.01,0.0,0.0,0.0,0.0,98.99
2020-11-19 23:33:16,1.01,0.0,1.01,0.5,0.0,97.49
2020-11-19 23:33:17,32.5,0.0,4.0,14.5,0.0,49.0
2020-11-19 23:33:18,2.5,0.0,1.0,22.0,0.0,74.5
2020-11-19 23:33:19,9.45,0.0,3.98,8.46,0.0,78.11
2020-11-19 23:33:20,0.0,0.0,1.0,0.0,0.0,99.0
2020-11-19 23:33:21,0.0,0.0,0.0,0.0,0.0,100.0
2020-11-19 23:33:22,0.0,0.0,0.0,0.0,0.0,100.0
2020-11-19 23:33:23,30.46,0.0,8.12,0.0,0.0,61.42
2020-11-19 23:33:24,53.85,0.0,11.28,0.0,0.0,34.87
2020-11-19 23:33:25,49.5,0.0,12.0,0.0,0.0,38.5
2020-11-19 23:33:26,46.0,0.0,15.0,0.0,0.0,39.0
2020-11-19 23:33:27,46.94,0.0,12.76,0.0,0.0,40.31
2020-11-19 23:33:28,48.73,0.0,13.2,0.0,0.0,38.07
2020-11-19 23:33:29,45.96,0.0,11.62,0.0,0.0,42.42
2020-11-19 23:33:30,41.41,0.0,18.18,0.0,0.0,40.4
2020-11-19 23:33:31,41.75,0.0,15.46,0.0,0.0,42.78
2020-11-19 23:33:32,44.33,0.0,12.89,0.0,0.0,42.78
2020-11-19 23:33:33,82.5,0.0,5.5,0.0,0.0,12.0
2020-11-19 23:33:34,99.5,0.0,0.5,0.0,0.0,0.0
2020-11-19 23:33:35,98.01,0.0,1.99,0.0,0.0,0.0
2020-11-19 23:33:36,99.5,0.0,0.5,0.0,0.0,0.0
2020-11-19 23:33:37,100.0,0.0,0.0,0.0,0.0,0.0
2020-11-19 23:33:38,99.5,0.0,0.5,0.0,0.0,0.0
2020-11-19 23:33:39,99.5,0.0,0.5,0.0,0.0,0.0
2020-11-19 23:33:40,99.0,0.0,1.0,0.0,0.0,0.0
2020-11-19 23:33:41,98.0,0.0,1.5,0.0,0.0,0.5
2020-11-19 23:33:42,98.5,0.0,1.5,0.0,0.0,0.0
2020-11-19 23:33:43,99.0,0.0,1.0,0.0,0.0,0.0
2020-11-19 23:33:44,98.49,0.0,1.51,0.0,0.0,0.0
2020-11-19 23:33:45,98.5,0.0,1.5,0.0,0.0,0.0
2020-11-19 23:33:46,100.0,0.0,0.0,0.0,0.0,0.0
2020-11-19 23:33:47,96.5,0.0,3.5,0.0,0.0,0.0
2020-11-19 23:33:48,99.5,0.0,0.5,0.0,0.0,0.0
2020-11-19 23:33:49,98.0,0.0,2.0,0.0,0.0,0.0
2020-11-19 23:33:50,68.16,0.0,4.48,4.48,0.0,22.89
2020-11-19 23:33:51,0.0,0.0,0.5,47.74,0.0,51.76
2020-11-19 23:33:52,0.0,0.0,1.01,41.21,0.0,57.79
2020-11-19 23:33:53,0.0,0.0,0.0,96.98,0.0,3.02
2020-11-19 23:33:54,0.3,0.0,1.78,89.64,0.0,8.28
2020-11-19 23:33:55,44.07,0.0,1.69,3.39,0.0,50.85
2020-11-19 23:33:56,47.76,0.0,5.47,0.0,0.0,46.77
2020-11-19 23:33:57,49.0,0.0,1.0,0.0,0.0,50.0
2020-11-19 23:33:58,10.5,0.0,4.5,0.0,0.0,85.0
2020-11-19 23:33:59,34.0,0.0,22.0,0.0,0.0,44.0
2020-11-19 23:34:00,33.5,0.0,15.5,13.0,0.0,38.0
2020-11-19 23:34:01,15.92,0.0,7.96,28.36,0.0,47.76
2020-11-19 23:34:02,4.02,0.0,0.5,42.21,0.0,53.27
2020-11-19 23:34:03,3.0,0.0,1.0,46.5,0.0,49.5
2020-11-19 23:34:04,4.52,0.0,1.01,44.72,0.0,49.75
2020-11-19 23:34:05,11.29,0.0,4.3,28.49,0.0,55.91
2020-11-19 23:34:06,18.0,0.0,6.5,23.0,0.0,52.5
2020-11-19 23:34:07,9.64,0.0,2.54,30.96,0.0,56.85
2020-11-19 23:34:08,27.36,0.0,2.49,18.91,0.0,51.24
2020-11-19 23:34:09,23.62,0.0,8.54,11.56,0.0,56.28
2020-11-19 23:34:10,31.34,0.0,3.48,10.45,0.0,54.73
2020-11-19 23:34:11,22.5,0.0,6.0,13.5,0.0,58.0
2020-11-19 23:34:12,40.1,0.0,5.94,4.46,0.0,49.5
2020-11-19 23:34:13,47.76,0.0,2.99,0.0,0.0,49.25
2020-11-19 23:34:14,14.93,0.0,5.47,26.37,0.0,53.23
2020-11-19 23:34:15,29.65,0.0,3.02,34.17,0.0,33.17
2020-11-19 23:34:16,34.67,0.0,7.04,7.04,0.0,51.26
2020-11-19 23:34:17,50.0,0.0,1.49,0.0,0.0,48.51
2020-11-19 23:34:18,49.75,0.0,0.0,0.0,0.0,50.25
2020-11-19 23:34:19,35.82,0.0,9.95,5.47,0.0,48.76
2020-11-19 23:34:20,29.7,0.0,2.48,12.38,0.0,55.45
2020-11-19 23:34:21,5.53,0.0,4.52,38.69,0.0,51.26
2020-11-19 23:34:22,25.0,0.0,4.59,15.31,0.0,55.1
2020-11-19 23:34:23,21.46,0.0,11.71,2.93,0.0,63.9
2020-11-19 23:34:24,46.19,0.0,8.63,0.51,0.0,44.67
2020-11-19 23:34:25,15.84,0.0,6.44,27.72,0.0,50.0
2020-11-19 23:34:26,36.04,0.0,25.89,2.03,0.0,36.04
2020-11-19 23:34:27,9.5,33.0,8.5,0.5,0.0,48.5
2020-11-19 23:34:28,28.14,7.04,13.57,1.51,0.0,49.75
2020-11-19 23:34:29,49.5,0.0,1.0,0.0,0.0,49.5
2020-11-19 23:34:30,50.0,0.0,4.55,11.62,0.0,33.84
2020-11-19 23:34:31,49.75,0.0,3.52,40.7,0.0,6.03
2020-11-19 23:34:32,49.0,0.0,2.5,9.0,0.0,39.5
2020-11-19 23:34:33,50.0,0.0,0.5,0.0,0.0,49.5
2020-11-19 23:34:34,48.26,0.0,1.99,0.0,0.0,49.75
2020-11-19 23:34:35,50.25,0.0,0.0,0.0,0.0,49.75
2020-11-19 23:34:36,50.0,0.0,0.5,0.0,0.0,49.5
2020-11-19 23:34:37,50.0,0.0,0.5,0.0,0.0,49.5
2020-11-19 23:34:38,50.0,0.0,0.0,0.0,0.0,50.0
2020-11-19 23:34:39,50.75,0.0,0.0,0.0,0.0,49.25
2020-11-19 23:34:40,49.75,0.0,0.0,0.0,0.0,50.25
2020-11-19 23:34:41,50.25,0.0,0.0,0.0,0.0,49.75
2020-11-19 23:34:42,49.5,0.0,1.5,19.5,0.0,29.5
2020-11-19 23:34:43,48.24,0.0,2.01,0.0,0.0,49.75
2020-11-19 23:34:44,49.25,0.0,1.01,0.0,0.0,49.75
2020-11-19 23:34:45,50.25,0.0,0.0,0.0,0.0,49.75
2020-11-19 23:34:46,50.5,0.0,0.0,0.0,0.0,49.5
2020-11-19 23:34:47,50.0,0.0,0.0,0.0,0.0,50.0
2020-11-19 23:34:48,50.0,0.0,1.98,5.45,0.0,42.57
2020-11-19 23:34:49,51.01,0.0,0.0,0.0,0.0,48.99
2020-11-19 23:34:50,49.5,0.0,0.5,0.0,0.0,50.0
2020-11-19 23:34:51,50.75,0.0,0.0,0.0,0.0,49.25
2020-11-19 23:34:52,50.0,0.0,0.5,0.0,0.0,49.5
2020-11-19 23:34:53,50.0,0.0,0.0,0.0,0.0,50.0
2020-11-19 23:34:54,49.75,0.0,0.5,0.0,0.0,49.75
2020-11-19 23:34:55,48.77,0.0,2.96,0.0,0.0,48.28
2020-11-19 23:34:56,50.25,0.0,0.0,0.0,0.0,49.75
2020-11-19 23:34:57,49.75,0.0,1.0,1.49,0.0,47.76
2020-11-19 23:34:58,50.25,0.0,0.0,3.52,0.0,46.23
2020-11-19 23:34:59,50.25,0.0,0.0,0.0,0.0,49.75
2020-11-19 23:35:00,49.5,0.0,0.99,0.0,0.0,49.5
2020-11-19 23:35:01,49.0,0.0,1.5,0.0,0.0,49.5
2020-11-19 23:35:02,50.25,0.0,0.5,0.0,0.0,49.25
2020-11-19 23:35:03,50.5,0.0,0.0,0.0,0.0,49.5
2020-11-19 23:35:04,50.0,0.0,0.5,0.0,0.0,49.5
2020-11-19 23:35:05,50.25,0.0,0.5,0.0,0.0,49.25
2020-11-19 23:35:06,51.0,0.0,0.5,0.0,0.0,48.5
2020-11-19 23:35:07,52.24,0.0,0.5,0.0,0.0,47.26
2020-11-19 23:35:08,50.5,0.0,0.5,0.0,0.0,49.0
2020-11-19 23:35:09,50.0,0.0,0.5,0.0,0.0,49.5
2020-11-19 23:35:10,50.25,0.0,0.0,0.0,0.0,49.75
2020-11-19 23:35:11,50.0,0.0,0.0,0.0,0.0,50.0
2020-11-19 23:35:12,49.5,0.0,1.0,0.0,0.0,49.5
2020-11-19 23:35:13,49.5,0.0,0.99,0.0,0.0,49.5
2020-11-19 23:35:14,49.5,0.0,1.0,0.0,0.0,49.5
2020-11-19 23:35:15,49.75,0.0,1.0,0.0,0.0,49.25
2020-11-19 23:35:16,50.0,0.0,0.5,0.0,0.0,49.5
2020-11-19 23:35:17,49.25,0.0,0.5,0.0,0.0,50.25
2020-11-19 23:35:18,49.5,0.0,0.5,0.0,0.0,50.0
2020-11-19 23:35:19,50.0,0.0,0.5,0.0,0.0,49.5
2020-11-19 23:35:20,49.5,0.0,0.5,0.0,0.0,50.0
2020-11-19 23:35:21,49.75,0.0,1.01,0.0,0.0,49.25
2020-11-19 23:35:22,49.5,0.0,0.5,0.0,0.0,50.0
2020-11-19 23:35:23,50.0,0.0,0.0,0.0,0.0,50.0
2020-11-19 23:35:24,50.0,0.0,0.0,0.0,0.0,50.0
2020-11-19 23:35:25,50.0,0.0,0.99,0.0,0.0,49.01
2020-11-19 23:35:26,49.75,0.0,0.5,0.0,0.0,49.75
2020-11-19 23:35:27,50.25,0.0,0.0,0.0,0.0,49.75
2020-11-19 23:35:28,50.0,0.0,0.5,0.0,0.0,49.5
2020-11-19 23:35:29,49.75,0.0,0.0,0.5,0.0,49.75
2020-11-19 23:35:30,50.0,0.0,0.0,0.0,0.0,50.0
2020-11-19 23:35:31,50.0,0.0,0.5,0.0,0.0,49.5
2020-11-19 23:35:32,50.0,0.0,0.0,0.0,0.0,50.0
2020-11-19 23:35:33,50.25,0.0,0.0,0.0,0.0,49.75
2020-11-19 23:35:34,51.0,0.0,0.0,0.0,0.0,49.0
2020-11-19 23:35:35,50.0,0.0,0.0,0.0,0.0,50.0
2020-11-19 23:35:36,51.0,0.0,0.5,0.0,0.0,48.5
2020-11-19 23:35:37,49.75,0.0,0.5,0.0,0.0,49.75
2020-11-19 23:35:38,50.75,0.0,0.0,0.0,0.0,49.25
2020-11-19 23:35:39,50.5,0.0,0.5,0.0,0.0,49.0
2020-11-19 23:35:40,50.25,0.0,0.0,0.0,0.0,49.75
2020-11-19 23:35:41,50.0,0.0,0.5,0.0,0.0,49.5
2020-11-19 23:35:42,49.75,0.0,0.5,0.0,0.0,49.75
2020-11-19 23:35:43,49.5,0.0,0.5,0.0,0.0,50.0
2020-11-19 23:35:44,50.25,0.0,0.0,0.0,0.0,49.75
2020-11-19 23:35:45,49.5,0.0,0.5,0.0,0.0,50.0
2020-11-19 23:35:46,50.0,0.0,1.0,0.0,0.0,49.0
2020-11-19 23:35:47,49.5,0.0,0.5,0.0,0.0,50.0
2020-11-19 23:35:48,49.75,0.0,0.5,0.0,0.0,49.75
2020-11-19 23:35:49,49.75,0.0,0.5,0.0,0.0,49.75
2020-11-19 23:35:50,49.25,0.0,1.0,0.0,0.0,49.75
2020-11-19 23:35:51,49.0,0.0,1.0,0.0,0.0,50.0
2020-11-19 23:35:52,51.0,0.0,0.0,0.0,0.0,49.0
2020-11-19 23:35:53,49.5,0.0,0.5,0.0,0.0,50.0
2020-11-19 23:35:54,50.0,0.0,0.5,0.0,0.0,49.5
2020-11-19 23:35:55,49.5,0.0,1.5,0.0,0.0,49.0
2020-11-19 23:35:56,20.1,0.0,2.01,28.14,0.0,49.75
2020-11-19 23:35:57,37.5,0.0,8.0,13.5,0.0,41.0
